0.000000000000000000e+00,1.971440280858478833e-01,2.251655672897716065e-01,1.394451841052679331e-01,4.365245628332876104e-01,7.119447336139315130e-01,2.503947483682851805e-01,3.190875084684624552e-01,1.865564564516187795e-01,9.179481687522123012e-02,8.295903653902039765e-02,1.482158600667827786e-01,7.529530859645304497e-02,4.883675933883314113e-01,5.564441013974731343e-01,1.582855315189772849e-01,4.017610983649194667e-01,1.435418442386547089e-01,1.302904699718517856e-01,9.845517001265187418e-02,1.519173029400720243e-01,6.844403065181366153e-02,0.000000000000000000e+00,5.046111010298516275e-01,1.249866881542534419e-01,4.222172919859126239e-01,1.137056810090240622e-01,1.503739790409811539e-01,1.674733972588695885e-01,1.527424331783233946e-01,8.993840647599299354e-02,0.000000000000000000e+00,4.642813014147556538e-01,1.490059854586312238e-01,4.297188527085578635e-01,8.539821934225406974e-02,1.636846101263944864e-01,2.136270453053371599e-01,1.599904793061757424e-01,1.372301718323035991e-01,0.000000000000000000e+00,4.283307150138573882e-01,1.899035664151904335e-01,4.338213962236241450e-01,6.695279610275596538e-02
1.971440280858478833e-01,0.000000000000000000e+00,7.618612866538880535e-02,1.007941156418644818e-01,6.239153775010213288e-01,5.268500034531935494e-01,1.177699213218299512e-01,4.934463467839097506e-01,3.713102006924403481e-02,2.811573458463035302e-01,1.303110270861948528e-01,1.442423301978658368e-01,1.414658414652709972e-01,6.757837701134135067e-01,3.706480609159960582e-01,1.133752793212701865e-01,5.816791148572373338e-01,6.627507742775760879e-02,3.179974589451254885e-01,2.469793620713745530e-01,2.043465552683619291e-01,1.923929807698751271e-01,0.000000000000000000e+00,3.188217763911953551e-01,2.128860006577985575e-01,6.027799566915358342e-01,8.903713711264643615e-02,3.378859931726986843e-01,3.340409958591327166e-01,2.381774550368825905e-01,2.527000387051288599e-01,0.000000000000000000e+00,2.790904023660726874e-01,2.985385440618410491e-01,6.100083421719261212e-01,1.168088368839823726e-01,3.511549407926127242e-01,3.862726555800553019e-01,2.647408293757260722e-01,3.168046346421726778e-01,0.000000000000000000e+00,2.457274737874984294e-01,3.629778454108827379e-01,6.138550807911917762e-01,1.547349163625788282e-01
2.251655672897716065e-01,7.618612866538880535e-02,0.000000000000000000e+00,1.524357537148444686e-01,6.531604606522121159e-01,5.003267096099182076e-01,1.129347225434782498e-01,5.229464217837344053e-01,8.813092250298490415e-02,3.105786498089958547e-01,1.617732925684992884e-01,1.191635372363706036e-01,1.713292822174178331e-01,7.050021455823840544e-01,3.437568909303678200e-01,1.604474789423165904e-01,6.108922609543485649e-01,1.001916687458235117e-01,3.479326777180666852e-01,2.763066588055148043e-01,1.953804557244009366e-01,2.207326071093367592e-01,0.000000000000000000e+00,2.920103742410924963e-01,2.494563025155322189e-01,6.320058400886936489e-01,1.149054948996631187e-01,3.677563048550774316e-01,3.634200020148881660e-01,2.391563182531108445e-01,2.811993686596651054e-01,0.000000000000000000e+00,2.519767641057826246e-01,3.283281750232359131e-01,6.392429972003447203e-01,1.438287042325783194e-01,3.809051018484025386e-01,4.155837947249325093e-01,2.739041197423577878e-01,3.457371440609369184e-01,0.000000000000000000e+00,2.169850813496137232e-01,3.922127479632876446e-01,6.431008103201069082e-01,1.828721768363756328e-01
1.394451841052679331e-01,1.007941156418644818e-01,1.524357537148444686e-01,0.000000000000000000e+00,5.594403125329400206e-01,5.909759179659822559e-01,1.403288886012895309e-01,4.284622250438068214e-01,1.178549972347203156e-01,2.192565989015584083e-01,1.195713497854003771e-01,1.614120647868080016e-01,8.077930635706892515e-02,6.111185558863169165e-01,4.348483775792158501e-01,1.132931402671349536e-01,5.168315819644703213e-01,1.253793999504540513e-01,2.551771165190110935e-01,2.046170103718597533e-01,2.066589070295786201e-01,1.338706513146575572e-01,0.000000000000000000e+00,3.833303185321211837e-01,1.723017709869143488e-01,5.379728317500618306e-01,1.118532671030745690e-01,2.746450357283527488e-01,2.823087614492160724e-01,2.335397478660981296e-01,1.929648786381251702e-01,0.000000000000000000e+00,3.448442661918663665e-01,2.406184181930497157e-01,5.452222851786376889e-01,1.088164504771968188e-01,2.876896988102856101e-01,3.308708811614982648e-01,2.536297423954373964e-01,2.548931952438995285e-01,0.000000000000000000e+00,3.134212830630125901e-01,2.991225290164619133e-01,5.490863313119236366e-01,1.274404559572499540e-01
4.365245628332876104e-01,6.239153775010213288e-01,6.531604606522121159e-01,5.594403125329400206e-01,0.000000000000000000e+00,1.145560770207207035e+00,6.656286231438564016e-01,2.323192830061468761e-01,6.199130881347958422e-01,3.455348492608447120e-01,4.940259043877621159e-01,5.344391596117987753e-01,4.855302077023762042e-01,5.193958886817948845e-02,9.915921753672448657e-01,5.351961095255826084e-01,2.896930175205585378e-01,5.766747316946234658e-01,3.069265901699131938e-01,3.771255784932555088e-01,4.583379124797294923e-01,4.347848228053493025e-01,0.000000000000000000e+00,9.400113577383367724e-01,4.138126023106938889e-01,2.973555793160216343e-01,5.462849219757087704e-01,2.865753455404199124e-01,2.899597327689784065e-01,4.149745806838074924e-01,3.740409294197836743e-01,0.000000000000000000e+00,8.998664399416721471e-01,3.273567425431105904e-01,3.027045319705918835e-01,5.144138071384627420e-01,2.731278071368849480e-01,2.378348502862721869e-01,3.808752438407252972e-01,3.080709992354766502e-01,0.000000000000000000e+00,8.640502216951208014e-01,2.632544381830816405e-01,3.063936976625991071e-01,4.730716814299655848e-01
7.119447336139315130e-01,5.268500034531935494e-01,5.003267096099182076e-01,5.909759179659822559e-01,1.145560770207207035e+00,0.000000000000000000e+00,4.847115950808733031e-01,1.015172760816997366e+00,5.328935269196652946e-01,8.018008990145937265e-01,6.549105188102825048e-01,6.161666367952580714e-01,6.634456949031691808e-01,1.197309537964808435e+00,1.606936655269181891e-01,6.135402032707059083e-01,1.103054716089441500e+00,5.758844406461334220e-01,8.397213328314252490e-01,7.707539228292024092e-01,6.900886030937622984e-01,7.139146942352218028e-01,0.000000000000000000e+00,2.133866742400717942e-01,7.343572134018859776e-01,1.124058104730947472e+00,6.050974443215929588e-01,8.599822162827374106e-01,8.570740213767569227e-01,7.334165953297586693e-01,7.742412800127527195e-01,0.000000000000000000e+00,2.543018025801382920e-01,8.211503233674322111e-01,1.131244094286092849e+00,6.356670996898675652e-01,8.734853343164076245e-01,9.090744871466427401e-01,7.679396427885193388e-01,8.395319856987488727e-01,0.000000000000000000e+00,2.903008239261484769e-01,8.857046219089976802e-01,1.135064286190330618e+00,6.761355248427487474e-01
2.503947483682851805e-01,1.177699213218299512e-01,1.129347225434782498e-01,1.403288886012895309e-01,6.656286231438564016e-01,4.847115950808733031e-01,0.000000000000000000e+00,5.345631346728777489e-01,1.508780944219428322e-01,3.257868243777979900e-01,1.804102909700966151e-01,1.514700373540177059e-01,1.968087015255344796e-01,7.172816970192665842e-01,3.286269020377965977e-01,1.305662337893515046e-01,6.229123050978454534e-01,1.728370457836618801e-01,3.615236303724319589e-01,2.894867595256727100e-01,2.140389817429524666e-01,2.394140178633427929e-01,0.000000000000000000e+00,2.778166920962668041e-01,2.524042868336397460e-01,6.440442652344267049e-01,1.743497711123707938e-01,3.808881875850329002e-01,3.763789322393257808e-01,2.531051178816288716e-01,2.979551717180472514e-01,0.000000000000000000e+00,2.527989710320110439e-01,3.395513421984859836e-01,6.512870361970667377e-01,1.732437311042323846e-01,3.939099867995918269e-01,4.286279706886594876e-01,2.863228847349461592e-01,3.612472328800902521e-01,0.000000000000000000e+00,2.385019665936842226e-01,4.043275942289373814e-01,6.551457768735761134e-01,2.011807141271095833e-01
3.190875084684624552e-01,4.934463467839097506e-01,5.229464217837344053e-01,4.284622250438068214e-01,2.323192830061468761e-01,1.015172760816997366e+00,5.345631346728777489e-01,0.000000000000000000e+00,4.896863523495065817e-01,2.672169912363673294e-01,3.634740814482848581e-01,4.043669354603223187e-01,3.555451917376267201e-01,2.306031825958017312e-01,8.610335362859236064e-01,4.040973907682309241e-01,8.841983156420163414e-02,4.475848823724027925e-01,2.344150710310549945e-01,2.701903705141017742e-01,3.284245573248611438e-01,3.053203154721980117e-01,0.000000000000000000e+00,8.094148901973997612e-01,2.824576636070287861e-01,1.095708610970552721e-01,4.183416838912283331e-01,2.160767981366812640e-01,2.452401374470292716e-01,2.848982621019632289e-01,2.562248468269230917e-01,0.000000000000000000e+00,7.692433710057274832e-01,2.083139278181135590e-01,1.168509718118743573e-01,3.870492671955593766e-01,2.039275943345835729e-01,2.375109454114396335e-01,2.536214568423313942e-01,2.414323211285920312e-01,0.000000000000000000e+00,7.334326262163791688e-01,1.743606830520489093e-01,1.207496438735172622e-01,3.460835334502543881e-01
1.865564564516187795e-01,3.713102006924403481e-02,8.813092250298490415e-02,1.178549972347203156e-01,6.199130881347958422e-01,5.328935269196652946e-01,1.508780944219428322e-01,4.896863523495065817e-01,0.000000000000000000e+00,2.752847466624839812e-01,1.281324566675141330e-01,1.487354750352955224e-01,1.355491583436032599e-01,6.717763492661297242e-01,3.775372239439953037e-01,1.294128266301441399e-01,5.777540510706942190e-01,4.620254633900314212e-02,3.133562902285503271e-01,2.430067960692851303e-01,2.082102154023923180e-01,1.856513685116229218e-01,0.000000000000000000e+00,3.273103038384154173e-01,2.113382495399757643e-01,5.988377247460122677e-01,7.506056882641239103e-02,3.335328721503862948e-01,3.299892005299526199e-01,2.411417428279534758e-01,2.463585158155852106e-01,0.000000000000000000e+00,2.903659727569698479e-01,2.942962542490623057e-01,6.060570857531459854e-01,1.063267587953156401e-01,3.469328783654943016e-01,3.821346577734993089e-01,2.665425212174945546e-01,3.120388976489871236e-01,0.000000000000000000e+00,2.597337964956291656e-01,3.587681453767457285e-01,6.098959078837642434e-01,1.473142760687909392e-01
9.179481687522123012e-02,2.811573458463035302e-01,3.105786498089958547e-01,2.192565989015584083e-01,3.455348492608447120e-01,8.018008990145937265e-01,3.257868243777979900e-01,2.672169912363673294e-01,2.752847466624839812e-01,0.000000000000000000e+00,1.579724395270813153e-01,1.940029980493869766e-01,1.460833131822168451e-01,3.973943055651782408e-01,6.468212986499282113e-01,2.016112504502489133e-01,3.394010948435794983e-01,2.320772854456423784e-01,3.907164015305785582e-02,8.530992601653673846e-02,1.424576962634907518e-01,1.101542639437977644e-01,0.000000000000000000e+00,5.950841632163106354e-01,1.157273802068851110e-01,3.562762067377207575e-01,2.016991794051227749e-01,5.944577521052710201e-02,8.731881585778716870e-02,1.235310005501325387e-01,8.981444708689699519e-02,0.000000000000000000e+00,5.548256206614089470e-01,9.608963635139453063e-02,3.648890312380859702e-01,1.699157295313578619e-01,7.287538497383468095e-02,1.257840136426553734e-01,1.148233478842854843e-01,8.308526605064009418e-02,0.000000000000000000e+00,5.189221353067957621e-01,1.229581410859129781e-01,3.698029925923047578e-01,1.287068861167113831e-01
8.295903653902039765e-02,1.303110270861948528e-01,1.617732925684992884e-01,1.195713497854003771e-01,4.940259043877621159e-01,6.549105188102825048e-01,1.804102909700966151e-01,3.634740814482848581e-01,1.281324566675141330e-01,1.579724395270813153e-01,0.000000000000000000e+00,8.938748433993150277e-02,6.615805708398354856e-02,5.459006424208219244e-01,4.992917021122253995e-01,9.396567422111294643e-02,4.516538676764009219e-01,9.454939227733365203e-02,1.938316052623716979e-01,1.169923547848318313e-01,1.130051306186466986e-01,6.686192481050376446e-02,0.000000000000000000e+00,4.474408662884920562e-01,9.532834289999717048e-02,4.727798377323644829e-01,7.288010256273083631e-02,2.131738356724884320e-01,2.041459909476055212e-01,1.299299817788992228e-01,1.246609737664609308e-01,0.000000000000000000e+00,4.071010585468548548e-01,1.693975470512179560e-01,4.800165235357611859e-01,4.862664353685663271e-02,2.261083781742327659e-01,2.563983602726934707e-01,1.474219273606199865e-01,1.879903292019790562e-01,0.000000000000000000e+00,3.711578324488736258e-01,2.330051951651557485e-01,4.838678351275702005e-01,4.865841600804579614e-02
1.482158600667827786e-01,1.442423301978658368e-01,1.191635372363706036e-01,1.614120647868080016e-01,5.344391596117987753e-01,6.161666367952580714e-01,1.514700373540177059e-01,4.043669354603223187e-01,1.487354750352955224e-01,1.940029980493869766e-01,8.938748433993150277e-02,0.000000000000000000e+00,1.171796195443952776e-01,5.861325058618307438e-01,4.601948064421348961e-01,9.462792576606608719e-02,4.920340625966832526e-01,1.127097302576738347e-01,2.303200487653823403e-01,1.585908495500165938e-01,7.661382548797160408e-02,1.260644260234171365e-01,0.000000000000000000e+00,4.083090450185295484e-01,1.397478396486164509e-01,5.131012646727177717e-01,9.937970647350599651e-02,2.498340043442098257e-01,2.451350981076708679e-01,1.203880531650920599e-01,1.699163240406104947e-01,0.000000000000000000e+00,3.679686994935070787e-01,2.103367480253879318e-01,5.203259542792377790e-01,8.294153615033221516e-02,2.628185784031489280e-01,2.972295567227472013e-01,1.551285933176082543e-01,2.286600546029296244e-01,0.000000000000000000e+00,3.320395724537444915e-01,2.734956630169850245e-01,5.241819993530222321e-01,8.318608603942913293e-02
7.529530859645304497e-02,1.414658414652709972e-01,1.713292822174178331e-01,8.077930635706892515e-02,4.855302077023762042e-01,6.634456949031691808e-01,1.968087015255344796e-01,3.555451917376267201e-01,1.355491583436032599e-01,1.460833131822168451e-01,6.615805708398354856e-02,1.171796195443952776e-01,0.000000000000000000e+00,5.373329948651597299e-01,5.077528851931735199e-01,1.132070587301931136e-01,4.434785592145091271e-01,1.118383111504548943e-01,1.816680104460770273e-01,1.328830877075904970e-01,1.462529888562031921e-01,5.568229788389928575e-02,0.000000000000000000e+00,4.558628069876574096e-01,1.165423401876079096e-01,4.645105276059674493e-01,9.388064258685013819e-02,2.009340869018358122e-01,2.083442126719011189e-01,1.660280499768320983e-01,1.160316400468796583e-01,0.000000000000000000e+00,4.155058968434570676e-01,1.687342365758217333e-01,4.717271176349965844e-01,7.093546569835187943e-02,2.139414956123548428e-01,2.569340615337138423e-01,1.833996007125705263e-01,1.793223165892260107e-01,0.000000000000000000e+00,3.796098221734929834e-01,2.262918782032815324e-01,4.755704305256375775e-01,6.898691505091097964e-02
4.883675933883314113e-01,6.757837701134135067e-01,7.050021455823840544e-01,6.111185558863169165e-01,5.193958886817948845e-02,1.197309537964808435e+00,7.172816970192665842e-01,2.306031825958017312e-01,6.717763492661297242e-01,3.973943055651782408e-01,5.459006424208219244e-01,5.861325058618307438e-01,5.373329948651597299e-01,0.000000000000000000e+00,1.043438795297042310e+00,5.867970008366362178e-01,2.567006772798987591e-01,6.285201846221256661e-01,3.588027170466542293e-01,4.289888992710746418e-01,5.099792117078905118e-01,4.866186634901909502e-01,0.000000000000000000e+00,9.918737564238988558e-01,4.651558620724463577e-01,2.642579434703272168e-01,5.981358895547165266e-01,3.384475295387680549e-01,3.418237746978527447e-01,4.662525087696370862e-01,4.258624252598789961e-01,0.000000000000000000e+00,9.517383354075410473e-01,3.783501786801008460e-01,2.694526879264829144e-01,5.662702355646371810e-01,3.249760275719844049e-01,2.896797678991510638e-01,4.316256602575522239e-01,3.598838087882828551e-01,0.000000000000000000e+00,9.159290811402271970e-01,3.136350887420130684e-01,2.730229898982888814e-01,5.249296326615271457e-01
5.564441013974731343e-01,3.706480609159960582e-01,3.437568909303678200e-01,4.348483775792158501e-01,9.915921753672448657e-01,1.606936655269181891e-01,3.286269020377965977e-01,8.610335362859236064e-01,3.775372239439953037e-01,6.468212986499282113e-01,4.992917021122253995e-01,4.601948064421348961e-01,5.077528851931735199e-01,1.043438795297042310e+00,0.000000000000000000e+00,4.580713751813252355e-01,9.491719948473569257e-01,4.195535259277853868e-01,6.851255454435066783e-01,6.156325828016728785e-01,5.348856190960786794e-01,5.583392277979238871e-01,0.000000000000000000e+00,5.296742017954731568e-02,5.793602758603800806e-01,9.702415846992555881e-01,4.487717238965441835e-01,7.054542874817366638e-01,7.023160300135922185e-01,5.784250924064632260e-01,6.189000752991385967e-01,0.000000000000000000e+00,9.406187601925540542e-02,6.663807534372399033e-01,9.774563227026377144e-01,4.796731741447344821e-01,7.189569743602669538e-01,7.544293635084504679e-01,6.130719344709789631e-01,6.845081888449967567e-01,0.000000000000000000e+00,1.303598918595996470e-01,7.311419560717630217e-01,9.812957341578134596e-01,5.204394561061999047e-01
1.582855315189772849e-01,1.133752793212701865e-01,1.604474789423165904e-01,1.132931402671349536e-01,5.351961095255826084e-01,6.135402032707059083e-01,1.305662337893515046e-01,4.040973907682309241e-01,1.294128266301441399e-01,2.016112504502489133e-01,9.396567422111294643e-02,9.462792576606608719e-02,1.132070587301931136e-01,5.867970008366362178e-01,4.580713751813252355e-01,0.000000000000000000e+00,4.924155351839590300e-01,1.358659581204569589e-01,2.351255490713931029e-01,1.615881287520056220e-01,1.294272419069437408e-01,1.334062843471803261e-01,0.000000000000000000e+00,4.062592751470289199e-01,1.220178654152976050e-01,5.135428910387199730e-01,1.268648607955998320e-01,2.538330709835257548e-01,2.465262896989185992e-01,1.554833864009718403e-01,1.772172827491385605e-01,0.000000000000000000e+00,3.660341907765202740e-01,2.091685765517129758e-01,5.207841526175371882e-01,1.122571169109088801e-01,2.665237515869769425e-01,2.985638192328705087e-01,1.770598467316939484e-01,2.348635962462512772e-01,0.000000000000000000e+00,3.312105417473454883e-01,2.738545671519875269e-01,5.246394455421912184e-01,1.032895569625027210e-01
4.017610983649194667e-01,5.816791148572373338e-01,6.108922609543485649e-01,5.168315819644703213e-01,2.896930175205585378e-01,1.103054716089441500e+00,6.229123050978454534e-01,8.841983156420163414e-02,5.777540510706942190e-01,3.394010948435794983e-01,4.516538676764009219e-01,4.920340625966832526e-01,4.434785592145091271e-01,2.567006772798987591e-01,9.491719948473569257e-01,4.924155351839590300e-01,0.000000000000000000e+00,5.346784928421083327e-01,3.062244810075738233e-01,3.433534256371909565e-01,4.158712703978056924e-01,3.926387713634491572e-01,0.000000000000000000e+00,8.976018817663011795e-01,3.707236626689078829e-01,2.130845042314315207e-02,5.047515036326126747e-01,2.877843439589361507e-01,3.133393368402771495e-01,3.721638469709930841e-01,3.354416430007798877e-01,0.000000000000000000e+00,8.574642203682724118e-01,2.892262396760454934e-01,2.933294607096765400e-02,4.731702680586375442e-01,2.755638296620919192e-01,3.039087479425290339e-01,3.376103326104218372e-01,3.102018288386431122e-01,0.000000000000000000e+00,8.216659214657685562e-01,2.467872831350228779e-01,3.392289803911067991e-02,4.320418167205369864e-01
1.435418442386547089e-01,6.627507742775760879e-02,1.001916687458235117e-01,1.253793999504540513e-01,5.766747316946234658e-01,5.758844406461334220e-01,1.728370457836618801e-01,4.475848823724027925e-01,4.620254633900314212e-02,2.320772854456423784e-01,9.454939227733365203e-02,1.127097302576738347e-01,1.118383111504548943e-01,6.285201846221256661e-01,4.195535259277853868e-01,1.358659581204569589e-01,5.346784928421083327e-01,0.000000000000000000e+00,2.702202387616435275e-01,1.998590513036526128e-01,1.680111701852734230e-01,1.451131064153108607e-01,0.000000000000000000e+00,3.677084863306791518e-01,1.861894171592097524e-01,5.556848648399493884e-01,3.066772738668181383e-02,2.903798521452739534e-01,2.867978813449156839e-01,1.999365744609289119e-01,2.034896724584337735e-01,0.000000000000000000e+00,3.275971761177517982e-01,2.539795089864848032e-01,5.628811916052662845e-01,6.255824532971697438e-02,3.037651373844997282e-01,3.388636871088596680e-01,2.244815182160426192e-01,2.688223004740335487e-01,0.000000000000000000e+00,2.926424377588079384e-01,3.161648134959164080e-01,5.667145379112619175e-01,1.038023320693697710e-01
1.302904699718517856e-01,3.179974589451254885e-01,3.479326777180666852e-01,2.551771165190110935e-01,3.069265901699131938e-01,8.397213328314252490e-01,3.615236303724319589e-01,2.344150710310549945e-01,3.133562902285503271e-01,3.907164015305785582e-02,1.938316052623716979e-01,2.303200487653823403e-01,1.816680104460770273e-01,3.588027170466542293e-01,6.851255454435066783e-01,2.351255490713931029e-01,3.062244810075738233e-01,2.702202387616435275e-01,0.000000000000000000e+00,1.149174303212238540e-01,1.587726871403541962e-01,1.433635794625036375e-01,0.000000000000000000e+00,6.334438736769310019e-01,1.408314382379332041e-01,3.221744184981292225e-01,2.398062000606562272e-01,2.071774630571323814e-02,9.519050145837709698e-02,1.253945828148450847e-01,1.172887969762895916e-01,0.000000000000000000e+00,5.932251613571221105e-01,1.003042932559698036e-01,3.307500556203031850e-01,2.079394195806325008e-01,3.444499054772808683e-02,1.093298303468351745e-01,1.075758013741009711e-01,1.028258444949010086e-01,0.000000000000000000e+00,5.573552226838751622e-01,9.775069956868259746e-02,3.356811975114923907e-01,1.666776158877259773e-01
9.845517001265187418e-02,2.469793620713745530e-01,2.763066588055148043e-01,2.046170103718597533e-01,3.771255784932555088e-01,7.707539228292024092e-01,2.894867595256727100e-01,2.701903705141017742e-01,2.430067960692851303e-01,8.530992601653673846e-02,1.169923547848318313e-01,1.585908495500165938e-01,1.328830877075904970e-01,4.289888992710746418e-01,6.156325828016728785e-01,1.615881287520056220e-01,3.433534256371909565e-01,1.998590513036526128e-01,1.149174303212238540e-01,0.000000000000000000e+00,1.317942826964318415e-01,8.684634567065326050e-02,0.000000000000000000e+00,5.638595493070924780e-01,7.480008228737772269e-02,3.599256586934219126e-01,1.697558425590601772e-01,1.328295031288324601e-01,8.737681754356119157e-02,1.233362668832257147e-01,4.454253204752902512e-02,0.000000000000000000e+00,5.235725599374405625e-01,8.087761718997359128e-02,3.672046257603998609e-01,1.385498088982826947e-01,1.450524710110998317e-01,1.396109748782513593e-01,1.072043620898213839e-01,7.687684002616836099e-02,0.000000000000000000e+00,4.876492648775166416e-01,1.227416325873949832e-01,3.714343712025589550e-01,9.910149657817543534e-02
1.519173029400720243e-01,2.043465552683619291e-01,1.953804557244009366e-01,2.066589070295786201e-01,4.583379124797294923e-01,6.900886030937622984e-01,2.140389817429524666e-01,3.284245573248611438e-01,2.082102154023923180e-01,1.424576962634907518e-01,1.130051306186466986e-01,7.661382548797160408e-02,1.462529888562031921e-01,5.099792117078905118e-01,5.348856190960786794e-01,1.294272419069437408e-01,4.158712703978056924e-01,1.680111701852734230e-01,1.587726871403541962e-01,1.317942826964318415e-01,0.000000000000000000e+00,1.317955718150244926e-01,0.000000000000000000e+00,4.831069016290849838e-01,9.887811916645908306e-02,4.368852409648979473e-01,1.462320894715338493e-01,1.749640334110517392e-01,1.779977331746908087e-01,4.392762221056777105e-02,1.563850932396541049e-01,0.000000000000000000e+00,4.428271535863804176e-01,1.376330137447535351e-01,4.440969774651039592e-01,1.227777301868017423e-01,1.872525037423291849e-01,2.226938205322871178e-01,7.870459523512317312e-02,1.908461036962254276e-01,0.000000000000000000e+00,4.069292811596911252e-01,1.974919860690726447e-01,4.479393310295071706e-01,9.557673785918904819e-02
6.844403065181366153e-02,1.923929807698751271e-01,2.207326071093367592e-01,1.338706513146575572e-01,4.347848228053493025e-01,7.139146942352218028e-01,2.394140178633427929e-01,3.053203154721980117e-01,1.856513685116229218e-01,1.101542639437977644e-01,6.686192481050376446e-02,1.260644260234171365e-01,5.568229788389928575e-02,4.866186634901909502e-01,5.583392277979238871e-01,1.334062843471803261e-01,3.926387713634491572e-01,1.451131064153108607e-01,1.433635794625036375e-01,8.684634567065326050e-02,1.317955718150244926e-01,0.000000000000000000e+00,0.000000000000000000e+00,5.064671136687315389e-01,8.393906801930683947e-02,4.136960840141550300e-01,1.213695756282694715e-01,1.618403944053773413e-01,1.567681204066242451e-01,1.361140241539533502e-01,6.193887006674248658e-02,0.000000000000000000e+00,4.661127938048905683e-01,1.200387041560410373e-01,4.209261478646762478e-01,9.336815282441730812e-02,1.744863990615552474e-01,2.053797806755136568e-01,1.411067175531494633e-01,1.271526335768874139e-01,0.000000000000000000e+00,4.301517538072736069e-01,1.756986622471202464e-01,4.247777182043754318e-01,6.180016409037782099e-02
0.000000000000000000e+00,0.000000000000000000e+00,0.000000000000000000e+00,0.000000000000000000e+00,0.000000000000000000e+00,0.000000000000000000e+00,0.000000000000000000e+00,0.000000000000000000e+00,0.000000000000000000e+00,0.000000000000000000e+00,0.000000000000000000e+00,0.000000000000000000e+00,0.000000000000000000e+00,0.000000000000000000e+00,0.000000000000000000e+00,0.000000000000000000e+00,0.000000000000000000e+00,0.000000000000000000e+00,0.000000000000000000e+00,0.000000000000000000e+00,0.000000000000000000e+00,0.000000000000000000e+00,0.000000000000000000e+00,0.000000000000000000e+00,0.000000000000000000e+00,0.000000000000000000e+00,0.000000000000000000e+00,0.000000000000000000e+00,0.000000000000000000e+00,0.000000000000000000e+00,0.000000000000000000e+00,0.000000000000000000e+00,0.000000000000000000e+00,0.000000000000000000e+00,0.000000000000000000e+00,0.000000000000000000e+00,0.000000000000000000e+00,0.000000000000000000e+00,0.000000000000000000e+00,0.000000000000000000e+00,0.000000000000000000e+00,0.000000000000000000e+00,0.000000000000000000e+00,0.000000000000000000e+00,0.000000000000000000e+00
5.046111010298516275e-01,3.188217763911953551e-01,2.920103742410924963e-01,3.833303185321211837e-01,9.400113577383367724e-01,2.133866742400717942e-01,2.778166920962668041e-01,8.094148901973997612e-01,3.273103038384154173e-01,5.950841632163106354e-01,4.474408662884920562e-01,4.083090450185295484e-01,4.558628069876574096e-01,9.918737564238988558e-01,5.296742017954731568e-02,4.062592751470289199e-01,8.976018817663011795e-01,3.677084863306791518e-01,6.334438736769310019e-01,5.638595493070924780e-01,4.831069016290849838e-01,5.064671136687315389e-01,0.000000000000000000e+00,0.000000000000000000e+00,5.276146911997920963e-01,9.186845927210129936e-01,3.968058721145547030e-01,6.537789800945287277e-01,6.506069909231918524e-01,5.266730494250451144e-01,5.670707829760425200e-01,0.000000000000000000e+00,4.112996271846216384e-02,6.146687251376030670e-01,9.259048291763954941e-01,4.277555011928491080e-01,6.672795819593014821e-01,7.027322962899588132e-01,5.613389471988841084e-01,6.327454980911354498e-01,0.000000000000000000e+00,7.750580222417070841e-02,6.794482579554246282e-01,9.297479423552951205e-01,4.685784949753389328e-01
1.249866881542534419e-01,2.128860006577985575e-01,2.494563025155322189e-01,1.723017709869143488e-01,4.138126023106938889e-01,7.343572134018859776e-01,2.524042868336397460e-01,2.824576636070287861e-01,2.113382495399757643e-01,1.157273802068851110e-01,9.532834289999717048e-02,1.397478396486164509e-01,1.165423401876079096e-01,4.651558620724463577e-01,5.793602758603800806e-01,1.220178654152976050e-01,3.707236626689078829e-01,1.861894171592097524e-01,1.408314382379332041e-01,7.480008228737772269e-02,9.887811916645908306e-02,8.393906801930683947e-02,0.000000000000000000e+00,5.276146911997920963e-01,0.000000000000000000e+00,3.918454576696633884e-01,1.641981189890543147e-01,1.576021094308153181e-01,1.289880474785718711e-01,1.026786957986141613e-01,9.376246542278728058e-02,0.000000000000000000e+00,4.873586060022379041e-01,8.731660265632104623e-02,3.990806120942700375e-01,1.361604929289792487e-01,1.695599126243564347e-01,1.784107740673646081e-01,1.063468290719686987e-01,1.282288414660053000e-01,0.000000000000000000e+00,4.515608881673178199e-01,1.520805033532528772e-01,4.029390238614370401e-01,9.894425581277919990e-02
4.222172919859126239e-01,6.027799566915358342e-01,6.320058400886936489e-01,5.379728317500618306e-01,2.973555793160216343e-01,1.124058104730947472e+00,6.440442652344267049e-01,1.095708610970552721e-01,5.988377247460122677e-01,3.562762067377207575e-01,4.727798377323644829e-01,5.131012646727177717e-01,4.645105276059674493e-01,2.642579434703272168e-01,9.702415846992555881e-01,5.135428910387199730e-01,2.130845042314315207e-02,5.556848648399493884e-01,3.221744184981292225e-01,3.599256586934219126e-01,4.368852409648979473e-01,4.136960840141550300e-01,0.000000000000000000e+00,9.186845927210129936e-01,3.918454576696633884e-01,0.000000000000000000e+00,5.255154392335171787e-01,3.034723075533891645e-01,3.258389687560960812e-01,3.931281446217705922e-01,3.538263119985647909e-01,0.000000000000000000e+00,8.785555959219162325e-01,3.075297347537824244e-01,8.889033300312787836e-03,4.938653439736070405e-01,2.911322787522903632e-01,3.156055487920579883e-01,3.584804491297444162e-01,3.234190521061686141e-01,0.000000000000000000e+00,8.427654145544184461e-01,2.602060617715735713e-01,1.394172488207407433e-02,4.526995888039846427e-01
1.137056810090240622e-01,8.903713711264643615e-02,1.149054948996631187e-01,1.118532671030745690e-01,5.462849219757087704e-01,6.050974443215929588e-01,1.743497711123707938e-01,4.183416838912283331e-01,7.506056882641239103e-02,2.016991794051227749e-01,7.288010256273083631e-02,9.937970647350599651e-02,9.388064258685013819e-02,5.981358895547165266e-01,4.487717238965441835e-01,1.268648607955998320e-01,5.047515036326126747e-01,3.066772738668181383e-02,2.398062000606562272e-01,1.697558425590601772e-01,1.462320894715338493e-01,1.213695756282694715e-01,0.000000000000000000e+00,3.968058721145547030e-01,1.641981189890543147e-01,5.255154392335171787e-01,0.000000000000000000e+00,2.599512661708359706e-01,2.564029023208784785e-01,1.757923150122441547e-01,1.737870415810916780e-01,0.000000000000000000e+00,3.564156911029714436e-01,2.263436439380918930e-01,5.326508151385508372e-01,3.200851178603390801e-02,2.733434382396074946e-01,3.084759042727988065e-01,1.984264198599403062e-01,2.384935551035311241e-01,0.000000000000000000e+00,3.204839600740963523e-01,2.866264569390780115e-01,5.364552105376912960e-01,7.332811815643243414e-02
1.503739790409811539e-01,3.378859931726986843e-01,3.677563048550774316e-01,2.746450357283527488e-01,2.865753455404199124e-01,8.599822162827374106e-01,3.808881875850329002e-01,2.160767981366812640e-01,3.335328721503862948e-01,5.944577521052710201e-02,2.131738356724884320e-01,2.498340043442098257e-01,2.009340869018358122e-01,3.384475295387680549e-01,7.054542874817366638e-01,2.538330709835257548e-01,2.877843439589361507e-01,2.903798521452739534e-01,2.071774630571323814e-02,1.328295031288324601e-01,1.749640334110517392e-01,1.618403944053773413e-01,0.000000000000000000e+00,6.537789800945287277e-01,1.576021094308153181e-01,3.034723075533891645e-01,2.599512661708359706e-01,0.000000000000000000e+00,1.081956818548097110e-01,1.371924705272896394e-01,1.334468278720781775e-01,0.000000000000000000e+00,6.135688839292939845e-01,1.101765363103290180e-01,3.119864355053298954e-01,2.280467324774274884e-01,1.382467024453810749e-02,1.170240196364431967e-01,1.161431235266334600e-01,1.143335825594566924e-01,0.000000000000000000e+00,5.777055599652521911e-01,9.869146967306757778e-02,3.169289200246211413e-01,1.867709037663109473e-01
1.674733972588695885e-01,3.340409958591327166e-01,3.634200020148881660e-01,2.823087614492160724e-01,2.899597327689784065e-01,8.570740213767569227e-01,3.763789322393257808e-01,2.452401374470292716e-01,3.299892005299526199e-01,8.731881585778716870e-02,2.041459909476055212e-01,2.451350981076708679e-01,2.083442126719011189e-01,3.418237746978527447e-01,7.023160300135922185e-01,2.465262896989185992e-01,3.133393368402771495e-01,2.867978813449156839e-01,9.519050145837709698e-02,8.737681754356119157e-02,1.779977331746908087e-01,1.567681204066242451e-01,0.000000000000000000e+00,6.506069909231918524e-01,1.289880474785718711e-01,3.258389687560960812e-01,2.564029023208784785e-01,1.081956818548097110e-01,0.000000000000000000e+00,1.589556745101045609e-01,9.810110621327190750e-02,0.000000000000000000e+00,6.103671999382546121e-01,6.814041768851540615e-02,3.334755122876750799e-01,2.245126579591803784e-01,1.188235985271947348e-01,5.242941393551630441e-02,1.389962290657247579e-01,4.441064100654990715e-02,0.000000000000000000e+00,5.744771663495720215e-01,7.472687285684322112e-02,3.382079885225528493e-01,1.835075168161254822e-01
1.527424331783233946e-01,2.381774550368825905e-01,2.391563182531108445e-01,2.335397478660981296e-01,4.149745806838074924e-01,7.334165953297586693e-01,2.531051178816288716e-01,2.848982621019632289e-01,2.411417428279534758e-01,1.235310005501325387e-01,1.299299817788992228e-01,1.203880531650920599e-01,1.660280499768320983e-01,4.662525087696370862e-01,5.784250924064632260e-01,1.554833864009718403e-01,3.721638469709930841e-01,1.999365744609289119e-01,1.253945828148450847e-01,1.233362668832257147e-01,4.392762221056777105e-02,1.361140241539533502e-01,0.000000000000000000e+00,5.266730494250451144e-01,1.026786957986141613e-01,3.931281446217705922e-01,1.757923150122441547e-01,1.371924705272896394e-01,1.589556745101045609e-01,0.000000000000000000e+00,1.454949908892701760e-01,0.000000000000000000e+00,4.864069781656776836e-01,1.146592725123843082e-01,4.003232325835194283e-01,1.502355390132001367e-01,1.475792434916977647e-01,1.922204190348741626e-01,3.482572642587661305e-02,1.763685774816318996e-01,0.000000000000000000e+00,4.505120512230599283e-01,1.566259501702980395e-01,4.041590673611387130e-01,1.197413425336575354e-01
8.993840647599299354e-02,2.527000387051288599e-01,2.811993686596651054e-01,1.929648786381251702e-01,3.740409294197836743e-01,7.742412800127527195e-01,2.979551717180472514e-01,2.562248468269230917e-01,2.463585158155852106e-01,8.981444708689699519e-02,1.246609737664609308e-01,1.699163240406104947e-01,1.160316400468796583e-01,4.258624252598789961e-01,6.189000752991385967e-01,1.772172827491385605e-01,3.354416430007798877e-01,2.034896724584337735e-01,1.172887969762895916e-01,4.454253204752902512e-02,1.563850932396541049e-01,6.193887006674248658e-02,0.000000000000000000e+00,5.670707829760425200e-01,9.376246542278728058e-02,3.538263119985647909e-01,1.737870415810916780e-01,1.334468278720781775e-01,9.810110621327190750e-02,1.454949908892701760e-01,0.000000000000000000e+00,0.000000000000000000e+00,5.267472570039529733e-01,7.384062881197778205e-02,3.608337056201051385e-01,1.426983325691176530e-01,1.452023588153810996e-01,1.450347138024132287e-01,1.291533879451496336e-01,6.607983233368061593e-02,0.000000000000000000e+00,4.908068720438901189e-01,1.166912129453293867e-01,3.646618901213519170e-01,1.032333684655545730e-01
0.000000000000000000e+00,0.000000000000000000e+00,0.000000000000000000e+00,0.000000000000000000e+00,0.000000000000000000e+00,0.000000000000000000e+00,0.000000000000000000e+00,0.000000000000000000e+00,0.000000000000000000e+00,0.000000000000000000e+00,0.000000000000000000e+00,0.000000000000000000e+00,0.000000000000000000e+00,0.000000000000000000e+00,0.000000000000000000e+00,0.000000000000000000e+00,0.000000000000000000e+00,0.000000000000000000e+00,0.000000000000000000e+00,0.000000000000000000e+00,0.000000000000000000e+00,0.000000000000000000e+00,0.000000000000000000e+00,0.000000000000000000e+00,0.000000000000000000e+00,0.000000000000000000e+00,0.000000000000000000e+00,0.000000000000000000e+00,0.000000000000000000e+00,0.000000000000000000e+00,0.000000000000000000e+00,0.000000000000000000e+00,0.000000000000000000e+00,0.000000000000000000e+00,0.000000000000000000e+00,0.000000000000000000e+00,0.000000000000000000e+00,0.000000000000000000e+00,0.000000000000000000e+00,0.000000000000000000e+00,0.000000000000000000e+00,0.000000000000000000e+00,0.000000000000000000e+00,0.000000000000000000e+00,0.000000000000000000e+00
4.642813014147556538e-01,2.790904023660726874e-01,2.519767641057826246e-01,3.448442661918663665e-01,8.998664399416721471e-01,2.543018025801382920e-01,2.527989710320110439e-01,7.692433710057274832e-01,2.903659727569698479e-01,5.548256206614089470e-01,4.071010585468548548e-01,3.679686994935070787e-01,4.155058968434570676e-01,9.517383354075410473e-01,9.406187601925540542e-02,3.660341907765202740e-01,8.574642203682724118e-01,3.275971761177517982e-01,5.932251613571221105e-01,5.235725599374405625e-01,4.428271535863804176e-01,4.661127938048905683e-01,0.000000000000000000e+00,4.112996271846216384e-02,4.873586060022379041e-01,8.785555959219162325e-01,3.564156911029714436e-01,6.135688839292939845e-01,6.103671999382546121e-01,4.864069781656776836e-01,5.267472570039529733e-01,0.000000000000000000e+00,0.000000000000000000e+00,5.744453015291312026e-01,8.857796497658974033e-01,3.873752463078847241e-01,6.270664849500965365e-01,6.625022049759397014e-01,5.210809990448853624e-01,5.924694290503581540e-01,0.000000000000000000e+00,3.643863415255628457e-02,6.392221528223896998e-01,8.896254683777958805e-01,4.282301758087511123e-01
1.490059854586312238e-01,2.985385440618410491e-01,3.283281750232359131e-01,2.406184181930497157e-01,3.273567425431105904e-01,8.211503233674322111e-01,3.395513421984859836e-01,2.083139278181135590e-01,2.942962542490623057e-01,9.608963635139453063e-02,1.693975470512179560e-01,2.103367480253879318e-01,1.687342365758217333e-01,3.783501786801008460e-01,6.663807534372399033e-01,2.091685765517129758e-01,2.892262396760454934e-01,2.539795089864848032e-01,1.003042932559698036e-01,8.087761718997359128e-02,1.376330137447535351e-01,1.200387041560410373e-01,0.000000000000000000e+00,6.146687251376030670e-01,8.731660265632104623e-02,3.075297347537824244e-01,2.263436439380918930e-01,1.101765363103290180e-01,6.814041768851540615e-02,1.146592725123843082e-01,7.384062881197778205e-02,0.000000000000000000e+00,5.744453015291312026e-01,0.000000000000000000e+00,3.144666521607527576e-01,1.957568926286935296e-01,1.195215056419848682e-01,9.986482654384333524e-02,1.002332856815332796e-01,7.530404366780590886e-02,0.000000000000000000e+00,5.386094942936219265e-01,6.526319455658259605e-02,3.182361849547226673e-01,1.550979902146186751e-01
4.297188527085578635e-01,6.100083421719261212e-01,6.392429972003447203e-01,5.452222851786376889e-01,3.027045319705918835e-01,1.131244094286092849e+00,6.512870361970667377e-01,1.168509718118743573e-01,6.060570857531459854e-01,3.648890312380859702e-01,4.800165235357611859e-01,5.203259542792377790e-01,4.717271176349965844e-01,2.694526879264829144e-01,9.774563227026377144e-01,5.207841526175371882e-01,2.933294607096765400e-02,5.628811916052662845e-01,3.307500556203031850e-01,3.672046257603998609e-01,4.440969774651039592e-01,4.209261478646762478e-01,0.000000000000000000e+00,9.259048291763954941e-01,3.990806120942700375e-01,8.889033300312787836e-03,5.326508151385508372e-01,3.119864355053298954e-01,3.334755122876750799e-01,4.003232325835194283e-01,3.608337056201051385e-01,0.000000000000000000e+00,8.857796497658974033e-01,3.144666521607527576e-01,0.000000000000000000e+00,5.009781769516544747e-01,2.996185495765450457e-01,3.227886892307207933e-01,3.656433230199797602e-01,3.311376384092233338e-01,0.000000000000000000e+00,8.499937343247353505e-01,2.670292415183716517e-01,5.119123667658481182e-03,4.598035762646158209e-01
